#####################################################################
# Alchemist log file - simulation started at: 2022-05-19T19:56+0000 #
#####################################################################
#
# seed = 87.0
#
# The columns have the following meaning: 
# time multileader-stability[mean] recursive-stability[mean] classic2-stability[mean] classic-stability[mean] selfstab-stability[mean] share-stability[mean] 
0.0 NaN NaN NaN NaN NaN NaN 
0.00116550859889486 NaN 0.0 0.0 0.0 NaN 0.0 
1.0011655085988949 NaN 0.0 9.999999999999915E-5 9.999999999999915E-5 NaN 9.999999999999915E-5 
2.001165508598895 NaN 0.09199999999999997 0.031099999999999996 0.025199999999999983 NaN 0.03419999999999998 
3.001165508598895 NaN 0.11699999999999997 0.05349999999999998 0.041799999999999976 NaN 0.05849999999999998 
4.001165508598895 NaN 0.1382 0.07279999999999999 0.055699999999999965 NaN 0.07409999999999997 
5.001165508598895 NaN 0.14959999999999996 0.08949999999999998 0.06549999999999997 NaN 0.0865 
6.001165508598895 NaN 0.16149999999999998 0.10519999999999997 0.0755 NaN 0.09939999999999999 
7.001165508598895 NaN 0.17259999999999998 0.12199999999999998 0.08529999999999997 NaN 0.10799999999999998 
8.001165508598895 NaN 0.18 0.13609999999999997 0.09439999999999998 NaN 0.11589999999999999 
9.001165508598895 NaN 0.1858 0.1467 0.10289999999999999 NaN 0.12179999999999998 
10.001165508598895 NaN 0.19099999999999998 0.15799999999999997 0.10989999999999998 NaN 0.1278 
11.001165508598895 NaN 0.19419999999999998 0.1751 0.11999999999999998 NaN 0.1339 
12.001165508598895 NaN 0.11049999999999999 0.15889999999999999 0.10099999999999999 NaN 0.10609999999999999 
13.001165508598895 NaN 0.09099999999999998 0.151 0.08969999999999999 NaN 0.08889999999999999 
14.001165508598895 NaN 0.07839999999999998 0.1465 0.08319999999999998 NaN 0.0812 
15.001165508598895 NaN 0.07149999999999997 0.1446 0.08249999999999999 NaN 0.0757 
16.001165508598895 NaN 0.0653 0.14379999999999998 0.07899999999999997 NaN 0.0728 
17.001165508598895 NaN 0.05929999999999999 0.1362 0.0754 NaN 0.07259999999999998 
18.001165508598895 NaN 0.057199999999999994 0.13379999999999997 0.07709999999999997 NaN 0.07430000000000002 
19.001165508598895 NaN 0.05599999999999998 0.13429999999999997 0.07859999999999999 NaN 0.07510000000000001 
20.001165508598895 NaN 0.05339999999999999 0.1334 0.0819 NaN 0.07550000000000003 
21.001165508598895 NaN 0.051 0.12529999999999997 0.08319999999999998 NaN 0.0746 
22.001165508598895 NaN 0.0437 0.11619999999999997 0.08799999999999998 NaN 0.0762 
23.001165508598895 NaN 0.038699999999999984 0.10829999999999998 0.0967 NaN 0.07629999999999999 
24.001165508598895 NaN 0.031000000000000003 0.10219999999999999 0.1006 NaN 0.07679999999999998 
25.001165508598895 NaN 0.02779999999999999 0.09449999999999999 0.10279999999999997 NaN 0.07870000000000003 
26.001165508598895 NaN 0.025599999999999998 0.08639999999999998 0.10869999999999999 NaN 0.07189999999999999 
27.001165508598895 NaN 0.024200000000000006 0.08539999999999999 0.118 NaN 0.06720000000000001 
28.001165508598895 NaN 0.025199999999999997 0.0856 0.1285 NaN 0.06259999999999996 
29.001165508598895 NaN 0.028899999999999995 0.09029999999999999 0.14819999999999997 NaN 0.06160000000000004 
30.001165508598895 NaN 0.036000000000000004 0.09749999999999998 0.16349999999999998 NaN 0.06079999999999998 
31.001165508598895 NaN 0.047299999999999995 0.10069999999999998 0.1689 NaN 0.06049999999999996 
32.001165508598895 NaN 0.06130000000000002 0.1056 0.1692 NaN 0.05920000000000004 
33.001165508598895 NaN 0.0723 0.1069 0.16149999999999998 NaN 0.05779999999999998 
34.001165508598895 NaN 0.08520000000000001 0.10449999999999998 0.15789999999999998 NaN 0.05510000000000001 
35.001165508598895 NaN 0.09789999999999999 0.1029 0.1541 NaN 0.05059999999999997 
36.001165508598895 NaN 0.1079 0.1027 0.1522 NaN 0.05259999999999999 
37.001165508598895 NaN 0.11889999999999999 0.10229999999999999 0.1493 NaN 0.053700000000000025 
38.001165508598895 NaN 0.12299999999999998 0.10039999999999998 0.1372 NaN 0.05509999999999998 
39.001165508598895 NaN 0.1234 0.09730000000000001 0.11779999999999997 NaN 0.055600000000000004 
40.001165508598895 NaN 0.12339999999999998 0.0913 0.09899999999999999 NaN 0.055499999999999966 
41.001165508598895 NaN 0.1248 0.08719999999999999 0.09049999999999998 NaN 0.05600000000000002 
42.001165508598895 NaN 0.12129999999999998 0.08399999999999999 0.0877 NaN 0.053600000000000037 
43.001165508598895 NaN 0.1239 0.08309999999999998 0.08919999999999999 NaN 0.05269999999999996 
44.001165508598895 NaN 0.12259999999999999 0.08499999999999999 0.09179999999999998 NaN 0.05350000000000001 
45.001165508598895 NaN 0.11779999999999999 0.08779999999999998 0.09639999999999999 NaN 0.053099999999999994 
46.001165508598895 NaN 0.1146 0.08999999999999998 0.09939999999999999 NaN 0.05279999999999997 
47.001165508598895 NaN 0.10809999999999999 0.09259999999999999 0.1026 NaN 0.053399999999999996 
48.001165508598895 NaN 0.1089 0.09209999999999999 0.1064 NaN 0.05239999999999999 
49.001165508598895 NaN 0.11710000000000001 0.09239999999999998 0.10909999999999999 NaN 0.050399999999999986 
50.001165508598895 NaN 0.11769999999999999 0.0902 0.11130000000000001 NaN 0.04839999999999999 
51.001165508598895 NaN 0.11049999999999999 0.09290000000000001 0.1198 NaN 0.045500000000000006 
52.001165508598895 NaN 0.10609999999999999 0.09920000000000004 0.1251 NaN 0.04459999999999998 
53.001165508598895 NaN 0.10110000000000002 0.10409999999999998 0.12409999999999999 NaN 0.04269999999999998 
54.001165508598895 NaN 0.09299999999999997 0.10369999999999999 0.1215 NaN 0.04170000000000001 
55.001165508598895 NaN 0.0887 0.10269999999999999 0.1146 NaN 0.045899999999999996 
56.001165508598895 NaN 0.08349999999999998 0.10200000000000001 0.1076 NaN 0.051199999999999996 
57.001165508598895 NaN 0.0818 0.09799999999999998 0.0996 NaN 0.052700000000000004 
58.001165508598895 NaN 0.07959999999999995 0.09629999999999998 0.09509999999999999 NaN 0.05329999999999999 
59.001165508598895 NaN 0.0714 0.0883 0.0891 NaN 0.0543 
60.001165508598895 NaN 0.0691 0.08289999999999997 0.0854 NaN 0.05619999999999999 
61.001165508598895 NaN 0.0721 0.07679999999999998 0.07629999999999998 NaN 0.0589 
62.001165508598895 NaN 0.07470000000000002 0.075 0.07449999999999998 NaN 0.0601 
63.001165508598895 NaN 0.07280000000000002 0.0742 0.0756 NaN 0.0633 
64.00116550859889 NaN 0.07629999999999999 0.0795 0.07739999999999998 NaN 0.06380000000000002 
65.00116550859889 NaN 0.07769999999999999 0.08569999999999998 0.08039999999999999 NaN 0.060899999999999996 
66.00116550859889 NaN 0.07819999999999998 0.0879 0.0837 NaN 0.05409999999999999 
67.00116550859889 NaN 0.07899999999999999 0.0918 0.08419999999999993 NaN 0.05140000000000002 
68.00116550859889 NaN 0.07699999999999999 0.09019999999999997 0.08209999999999999 NaN 0.04849999999999998 
69.00116550859889 NaN 0.07339999999999999 0.08869999999999999 0.08239999999999996 NaN 0.04570000000000002 
70.00116550859889 NaN 0.0682 0.08990000000000001 0.0841 NaN 0.04289999999999999 
71.00116550859889 NaN 0.06109999999999999 0.09109999999999999 0.08579999999999999 NaN 0.041200000000000035 
72.00116550859889 NaN 0.05509999999999998 0.08330000000000001 0.08089999999999999 NaN 0.0415 
73.00116550859889 NaN 0.04949999999999998 0.0779 0.08149999999999999 NaN 0.03869999999999999 
74.00116550859889 NaN 0.04370000000000002 0.0696 0.08339999999999999 NaN 0.037499999999999985 
75.00116550859889 NaN 0.0399 0.06289999999999998 0.09109999999999999 NaN 0.03650000000000001 
76.00116550859889 NaN 0.03709999999999998 0.06409999999999999 0.09489999999999998 NaN 0.03720000000000001 
77.00116550859889 NaN 0.033299999999999996 0.062 0.09869999999999998 NaN 0.036000000000000004 
78.00116550859889 NaN 0.03149999999999998 0.0627 0.10089999999999999 NaN 0.0387 
79.00116550859889 NaN 0.03299999999999999 0.06729999999999998 0.10099999999999999 NaN 0.04170000000000001 
80.00116550859889 NaN 0.03849999999999999 0.06949999999999998 0.10339999999999999 NaN 0.044 
81.00116550859889 NaN 0.052399999999999995 0.0745 0.1017 NaN 0.046299999999999994 
82.00116550859889 NaN 0.06279999999999998 0.07929999999999998 0.10039999999999999 NaN 0.045700000000000005 
83.00116550859889 NaN 0.07039999999999998 0.08619999999999998 0.09849999999999999 NaN 0.04750000000000001 
84.00116550859889 NaN 0.0784 0.09129999999999998 0.09480000000000001 NaN 0.048200000000000014 
85.00116550859889 NaN 0.0876 0.0936 0.0876 NaN 0.05079999999999998 
86.00116550859889 NaN 0.096 0.0906 0.08229999999999998 NaN 0.0575 
87.00116550859889 NaN 0.10409999999999998 0.0905 0.07629999999999999 NaN 0.0675 
88.00116550859889 NaN 0.1083 0.09409999999999999 0.0733 NaN 0.07070000000000001 
89.00116550859889 NaN 0.11019999999999999 0.09829999999999998 0.07369999999999999 NaN 0.0706 
90.00116550859889 NaN 0.1094 0.09829999999999997 0.07249999999999998 NaN 0.06919999999999997 
91.00116550859889 NaN 0.10129999999999999 0.09269999999999999 0.07229999999999998 NaN 0.0671 
92.00116550859889 NaN 0.10039999999999999 0.08829999999999999 0.07609999999999999 NaN 0.0673 
93.00116550859889 NaN 0.10030000000000001 0.0812 0.0762 NaN 0.0655 
94.00116550859889 NaN 0.0998 0.07819999999999998 0.0737 NaN 0.06539999999999997 
95.00116550859889 NaN 0.09749999999999999 0.0754 0.0697 NaN 0.06339999999999998 
96.00116550859889 NaN 0.0956 0.07199999999999998 0.06839999999999999 NaN 0.058199999999999974 
97.00116550859889 NaN 0.09449999999999999 0.06969999999999998 0.0708 NaN 0.048299999999999975 
98.00116550859889 NaN 0.09299999999999999 0.06689999999999997 0.07720000000000003 NaN 0.04210000000000001 
99.00116550859889 NaN 0.09059999999999997 0.06389999999999998 0.08239999999999997 NaN 0.04049999999999998 
100.00116550859889 NaN 0.08809999999999998 0.06309999999999999 0.08530000000000004 NaN 0.041400000000000006 
101.00116550859889 NaN 0.08539999999999999 0.06439999999999997 0.0905 NaN 0.040899999999999985 
102.00116550859889 NaN 0.07589999999999998 0.06899999999999999 0.09559999999999999 NaN 0.038999999999999986 
103.00116550859889 NaN 0.07269999999999997 0.07279999999999999 0.09999999999999999 NaN 0.03969999999999997 
104.00116550859889 NaN 0.0676 0.0727 0.10279999999999999 NaN 0.038599999999999995 
105.00116550859889 NaN 0.0643 0.07159999999999998 0.10679999999999999 NaN 0.0386 
106.00116550859889 NaN 0.0602 0.0734 0.1088 NaN 0.03780000000000002 
107.00116550859889 NaN 0.05219999999999996 0.07419999999999999 0.1078 NaN 0.039399999999999984 
108.00116550859889 NaN 0.04949999999999998 0.07429999999999998 0.10239999999999999 NaN 0.04129999999999999 
109.00116550859889 NaN 0.04949999999999998 0.07259999999999998 0.09679999999999998 NaN 0.041399999999999985 
110.00116550859889 NaN 0.050199999999999995 0.07629999999999999 0.09109999999999999 NaN 0.0428 
111.00116550859889 NaN 0.05149999999999998 0.0791 0.08149999999999998 NaN 0.04639999999999999 
112.00116550859889 NaN 0.054999999999999986 0.07729999999999998 0.071 NaN 0.04939999999999999 
113.00116550859889 NaN 0.05690000000000005 0.07699999999999999 0.06519999999999998 NaN 0.054599999999999996 
114.00116550859889 NaN 0.056200000000000035 0.07919999999999999 0.06349999999999997 NaN 0.06220000000000001 
115.00116550859889 NaN 0.05710000000000003 0.08159999999999999 0.0652 NaN 0.0677 
116.00116550859889 NaN 0.0605 0.0819 0.0652 NaN 0.06920000000000003 
117.00116550859889 NaN 0.07100000000000001 0.08269999999999998 0.06539999999999997 NaN 0.06960000000000001 
118.00116550859889 NaN 0.07679999999999998 0.07999999999999999 0.06709999999999999 NaN 0.0687 
119.00116550859889 NaN 0.08169999999999998 0.0789 0.0657 NaN 0.0684 
120.00116550859889 NaN 0.08119999999999998 0.0769 0.06799999999999999 NaN 0.0667 
121.00116550859889 NaN 0.07759999999999997 0.0785 0.07559999999999999 NaN 0.06489999999999999 
122.00116550859889 NaN 0.07479999999999998 0.08499999999999999 0.08439999999999999 NaN 0.0636 
123.00116550859889 NaN 0.07129999999999999 0.0909 0.09309999999999997 NaN 0.05810000000000001 
124.00116550859889 NaN 0.07659999999999999 0.10059999999999995 0.09929999999999997 NaN 0.04959999999999999 
125.00116550859889 NaN 0.08149999999999998 0.10489999999999998 0.0993 NaN 0.0452 
126.00116550859889 NaN 0.08389999999999999 0.10549999999999998 0.0996 NaN 0.0458 
127.00116550859889 NaN 0.07890000000000001 0.10349999999999998 0.1016 NaN 0.04600000000000002 
128.0011655085989 NaN 0.0768 0.106 0.10229999999999999 NaN 0.04800000000000002 
129.0011655085989 NaN 0.07409999999999999 0.10569999999999999 0.10569999999999999 NaN 0.04999999999999999 
130.0011655085989 NaN 0.0771 0.10709999999999997 0.10799999999999998 NaN 0.05259999999999999 
131.0011655085989 NaN 0.0798 0.10279999999999997 0.10329999999999999 NaN 0.05149999999999998 
132.0011655085989 NaN 0.07889999999999998 0.0944 0.0977 NaN 0.0514 
133.0011655085989 NaN 0.0793 0.08589999999999999 0.0908 NaN 0.05200000000000001 
134.0011655085989 NaN 0.07479999999999999 0.0744 0.085 NaN 0.05180000000000002 
135.0011655085989 NaN 0.066 0.07239999999999999 0.0814 NaN 0.04899999999999999 
136.0011655085989 NaN 0.0614 0.0735 0.0823 NaN 0.04679999999999999 
137.0011655085989 NaN 0.061999999999999986 0.07649999999999998 0.0833 NaN 0.04879999999999998 
138.0011655085989 NaN 0.06349999999999999 0.08179999999999998 0.086 NaN 0.0496 
139.0011655085989 NaN 0.06459999999999999 0.08919999999999999 0.08969999999999997 NaN 0.05050000000000002 
140.0011655085989 NaN 0.06409999999999999 0.09249999999999997 0.09039999999999998 NaN 0.050400000000000014 
141.0011655085989 NaN 0.0674 0.0983 0.09419999999999998 NaN 0.05139999999999998 
142.0011655085989 NaN 0.0727 0.10589999999999997 0.0965 NaN 0.05479999999999998 
143.0011655085989 NaN 0.07359999999999998 0.10910000000000002 0.0971 NaN 0.0554 
144.0011655085989 NaN 0.07679999999999998 0.10840000000000001 0.0987 NaN 0.057900000000000014 
145.0011655085989 NaN 0.08029999999999998 0.106 0.09969999999999998 NaN 0.058999999999999976 
146.0011655085989 NaN 0.0807 0.1027 0.09569999999999995 NaN 0.05819999999999998 
147.0011655085989 NaN 0.07929999999999998 0.09939999999999999 0.09029999999999998 NaN 0.055099999999999996 
148.0011655085989 NaN 0.0764 0.09269999999999998 0.0858 NaN 0.05269999999999998 
149.0011655085989 NaN 0.0754 0.08510000000000001 0.07859999999999999 NaN 0.05269999999999999 
150.0011655085989 NaN 0.075 0.07819999999999999 0.07409999999999999 NaN 0.05210000000000001 
151.0011655085989 NaN 0.06949999999999998 0.07289999999999999 0.07239999999999999 NaN 0.050899999999999994 
152.0011655085989 NaN 0.0647 0.06820000000000001 0.07239999999999998 NaN 0.04709999999999998 
153.0011655085989 NaN 0.06399999999999999 0.06620000000000001 0.07549999999999998 NaN 0.04699999999999998 
154.0011655085989 NaN 0.06229999999999999 0.07100000000000001 0.0779 NaN 0.04679999999999999 
155.0011655085989 NaN 0.06129999999999999 0.07419999999999996 0.08049999999999999 NaN 0.048499999999999974 
156.0011655085989 NaN 0.06269999999999998 0.08369999999999998 0.0852 NaN 0.0519 
157.0011655085989 NaN 0.06259999999999999 0.09499999999999999 0.08969999999999999 NaN 0.054400000000000004 
158.0011655085989 NaN 0.06509999999999999 0.10099999999999999 0.09039999999999998 NaN 0.059299999999999985 
159.0011655085989 NaN 0.0658 0.1026 0.09209999999999999 NaN 0.0625 
160.0011655085989 NaN 0.06579999999999998 0.1062 0.09599999999999999 NaN 0.06229999999999998 
161.0011655085989 NaN 0.06769999999999998 0.10839999999999997 0.0967 NaN 0.063 
162.0011655085989 NaN 0.0687 0.10829999999999998 0.09579999999999998 NaN 0.06399999999999999 
163.0011655085989 NaN 0.06999999999999999 0.1103 0.0952 NaN 0.06439999999999999 
164.0011655085989 NaN 0.07110000000000001 0.1094 0.0944 NaN 0.0673 
165.0011655085989 NaN 0.0706 0.107 0.09079999999999998 NaN 0.06829999999999999 
166.0011655085989 NaN 0.0676 0.09839999999999999 0.08480000000000001 NaN 0.06749999999999999 
167.0011655085989 NaN 0.06519999999999997 0.0885 0.07929999999999998 NaN 0.0652 
168.0011655085989 NaN 0.05959999999999999 0.08349999999999996 0.07979999999999998 NaN 0.06329999999999998 
169.0011655085989 NaN 0.05399999999999999 0.08209999999999999 0.0798 NaN 0.0632 
170.0011655085989 NaN 0.050900000000000015 0.0785 0.07569999999999999 NaN 0.06740000000000002 
171.0011655085989 NaN 0.04999999999999997 0.07459999999999999 0.07449999999999997 NaN 0.06939999999999999 
172.0011655085989 NaN 0.04820000000000001 0.0731 0.0754 NaN 0.0707 
173.0011655085989 NaN 0.044399999999999995 0.07269999999999999 0.07999999999999999 NaN 0.07259999999999998 
174.0011655085989 NaN 0.0412 0.07299999999999998 0.08859999999999998 NaN 0.06939999999999998 
175.0011655085989 NaN 0.039199999999999985 0.08139999999999997 0.1012 NaN 0.06749999999999999 
176.0011655085989 NaN 0.035800000000000005 0.09019999999999997 0.1182 NaN 0.06889999999999999 
177.0011655085989 NaN 0.03489999999999998 0.09829999999999998 0.13279999999999997 NaN 0.07329999999999999 
178.0011655085989 NaN 0.034699999999999974 0.10499999999999998 0.13799999999999998 NaN 0.072 
179.0011655085989 NaN 0.03440000000000001 0.11009999999999998 0.1431 NaN 0.06649999999999999 
180.0011655085989 NaN 0.03450000000000003 0.11379999999999998 0.1497 NaN 0.06079999999999999 
181.0011655085989 NaN 0.03550000000000003 0.11929999999999999 0.15209999999999999 NaN 0.05890000000000001 
182.0011655085989 NaN 0.037 0.12089999999999998 0.15089999999999998 NaN 0.05679999999999998 
183.0011655085989 NaN 0.038599999999999975 0.1194 0.1463 NaN 0.05310000000000001 
184.0011655085989 NaN 0.039400000000000004 0.11599999999999999 0.1359 NaN 0.051000000000000004 
185.0011655085989 NaN 0.04270000000000001 0.1085 0.1255 NaN 0.0497 
186.0011655085989 NaN 0.046599999999999996 0.10389999999999998 0.11130000000000001 NaN 0.045899999999999996 
187.0011655085989 NaN 0.04999999999999999 0.09929999999999999 0.10009999999999998 NaN 0.04170000000000001 
188.0011655085989 NaN 0.0531 0.09239999999999998 0.094 NaN 0.03899999999999998 
189.0011655085989 NaN 0.05619999999999999 0.08959999999999999 0.08799999999999997 NaN 0.03939999999999999 
190.0011655085989 NaN 0.0586 0.09009999999999999 0.08679999999999997 NaN 0.04049999999999998 
191.0011655085989 NaN 0.06250000000000001 0.09289999999999998 0.08699999999999998 NaN 0.043900000000000015 
192.0011655085989 NaN 0.06769999999999998 0.09509999999999999 0.0879 NaN 0.0479 
193.0011655085989 NaN 0.07280000000000002 0.09759999999999998 0.0901 NaN 0.05109999999999998 
194.0011655085989 NaN 0.0761 0.09829999999999998 0.0934 NaN 0.05159999999999999 
195.0011655085989 NaN 0.08009999999999998 0.09459999999999998 0.09939999999999996 NaN 0.05230000000000002 
196.0011655085989 NaN 0.08199999999999999 0.09339999999999997 0.11010000000000002 NaN 0.05329999999999999 
197.0011655085989 NaN 0.0856 0.09729999999999998 0.12430000000000001 NaN 0.0542 
198.0011655085989 NaN 0.08909999999999998 0.10419999999999999 0.1308 NaN 0.05689999999999999 
199.0011655085989 NaN 0.0943 0.11059999999999999 0.1382 NaN 0.0576 
200.0011655085989 NaN 0.10219999999999999 0.1124 0.13989999999999997 NaN 0.05779999999999999 
201.0011655085989 NaN 0.10729999999999998 0.11199999999999999 0.14639999999999997 NaN 0.058299999999999984 
202.0011655085989 NaN 0.11279999999999998 0.11659999999999997 0.1498 NaN 0.06209999999999998 
203.0011655085989 NaN 0.1128 0.12589999999999998 0.1497 NaN 0.06289999999999998 
204.0011655085989 NaN 0.11359999999999999 0.1357 0.15219999999999997 NaN 0.06749999999999999 
205.0011655085989 NaN 0.11200000000000002 0.147 0.1498 NaN 0.06989999999999998 
206.0011655085989 NaN 0.1123 0.15149999999999997 0.13999999999999999 NaN 0.07059999999999997 
207.0011655085989 NaN 0.10819999999999999 0.15259999999999999 0.12519999999999998 NaN 0.07129999999999999 
208.0011655085989 NaN 0.10579999999999999 0.1481 0.11859999999999998 NaN 0.07059999999999998 
209.0011655085989 NaN 0.10319999999999999 0.14059999999999997 0.1112 NaN 0.07039999999999998 
210.0011655085989 NaN 0.09849999999999998 0.13849999999999998 0.10589999999999998 NaN 0.06959999999999998 
211.0011655085989 NaN 0.094 0.1352 0.09489999999999998 NaN 0.0657 
212.0011655085989 NaN 0.08489999999999999 0.12789999999999999 0.09029999999999999 NaN 0.056900000000000006 
213.0011655085989 NaN 0.08089999999999999 0.11759999999999998 0.0857 NaN 0.055499999999999994 
214.0011655085989 NaN 0.07999999999999999 0.106 0.0802 NaN 0.05789999999999999 
215.0011655085989 NaN 0.0813 0.0969 0.07859999999999999 NaN 0.0655 
216.0011655085989 NaN 0.08089999999999999 0.09499999999999997 0.0842 NaN 0.0695 
217.0011655085989 NaN 0.0821 0.0904 0.0892 NaN 0.07289999999999998 
218.0011655085989 NaN 0.08209999999999999 0.08949999999999998 0.09419999999999999 NaN 0.07499999999999998 
219.0011655085989 NaN 0.08040000000000001 0.08689999999999999 0.0989 NaN 0.0766 
220.0011655085989 NaN 0.079 0.08259999999999999 0.1032 NaN 0.08109999999999999 
221.0011655085989 NaN 0.07749999999999999 0.07919999999999998 0.10850000000000001 NaN 0.08549999999999998 
222.0011655085989 NaN 0.07970000000000001 0.0804 0.11429999999999998 NaN 0.09020000000000002 
223.0011655085989 NaN 0.07959999999999999 0.0797 0.1169 NaN 0.08950000000000001 
224.0011655085989 NaN 0.07619999999999999 0.07869999999999999 0.11989999999999996 NaN 0.08199999999999998 
225.0011655085989 NaN 0.07139999999999999 0.07669999999999998 0.11969999999999999 NaN 0.07200000000000001 
226.0011655085989 NaN 0.072 0.07519999999999998 0.11839999999999995 NaN 0.0677 
227.0011655085989 NaN 0.0717 0.0769 0.1204 NaN 0.06269999999999998 
228.0011655085989 NaN 0.072 0.08009999999999998 0.12459999999999999 NaN 0.060500000000000005 
229.0011655085989 NaN 0.07300000000000001 0.08619999999999998 0.126 NaN 0.0594 
230.0011655085989 NaN 0.0751 0.09199999999999998 0.1275 NaN 0.05419999999999999 
231.0011655085989 NaN 0.0772 0.09479999999999998 0.1258 NaN 0.05059999999999999 
232.0011655085989 NaN 0.07729999999999998 0.0915 0.11829999999999999 NaN 0.04909999999999999 
233.0011655085989 NaN 0.0808 0.08889999999999998 0.11579999999999999 NaN 0.050399999999999986 
234.0011655085989 NaN 0.08159999999999999 0.08859999999999998 0.11099999999999999 NaN 0.056699999999999987 
235.0011655085989 NaN 0.08359999999999998 0.08759999999999997 0.10969999999999999 NaN 0.059300000000000026 
236.0011655085989 NaN 0.08559999999999997 0.08499999999999999 0.1082 NaN 0.060099999999999966 
237.0011655085989 NaN 0.0859 0.079 0.10099999999999998 NaN 0.06229999999999997 
238.0011655085989 NaN 0.0852 0.07329999999999999 0.09319999999999999 NaN 0.06100000000000001 
239.0011655085989 NaN 0.08259999999999998 0.06989999999999999 0.0896 NaN 0.0605 
240.0011655085989 NaN 0.0789 0.06689999999999999 0.08679999999999999 NaN 0.0625 
241.0011655085989 NaN 0.07399999999999998 0.06709999999999998 0.08979999999999999 NaN 0.0647 
242.0011655085989 NaN 0.06979999999999997 0.0735 0.09279999999999998 NaN 0.064 
243.0011655085989 NaN 0.06569999999999998 0.08009999999999999 0.09199999999999998 NaN 0.06409999999999998 
244.0011655085989 NaN 0.06779999999999997 0.08399999999999998 0.09139999999999998 NaN 0.0628 
245.0011655085989 NaN 0.06749999999999998 0.08749999999999998 0.0885 NaN 0.06190000000000002 
246.0011655085989 NaN 0.0657 0.08679999999999997 0.08229999999999998 NaN 0.05960000000000002 
247.0011655085989 NaN 0.0666 0.08739999999999999 0.08139999999999997 NaN 0.05739999999999998 
248.0011655085989 NaN 0.06599999999999998 0.08739999999999999 0.0789 NaN 0.05970000000000002 
249.0011655085989 NaN 0.06789999999999997 0.08549999999999999 0.07569999999999999 NaN 0.057700000000000015 
250.0011655085989 NaN 0.07089999999999999 0.0834 0.071 NaN 0.05360000000000001 
251.0011655085989 NaN 0.0722 0.08069999999999998 0.06549999999999999 NaN 0.049899999999999986 
252.0011655085989 NaN 0.0739 0.07370000000000002 0.06289999999999997 NaN 0.047199999999999985 
253.0011655085989 NaN 0.075 0.06579999999999998 0.062400000000000004 NaN 0.04639999999999999 
254.0011655085989 NaN 0.0741 0.06169999999999999 0.062 NaN 0.042499999999999996 
255.0011655085989 NaN 0.07369999999999999 0.058499999999999996 0.060299999999999986 NaN 0.039700000000000006 
256.0011655085989 NaN 0.0714 0.05559999999999999 0.0598 NaN 0.040399999999999985 
257.0011655085989 NaN 0.06879999999999999 0.0554 0.05929999999999999 NaN 0.04089999999999999 
258.0011655085989 NaN 0.0687 0.05919999999999997 0.06089999999999998 NaN 0.0377 
259.0011655085989 NaN 0.06769999999999998 0.06109999999999997 0.06489999999999999 NaN 0.03879999999999997 
260.0011655085989 NaN 0.06459999999999998 0.06459999999999998 0.06929999999999999 NaN 0.04259999999999999 
261.0011655085989 NaN 0.0659 0.06609999999999996 0.06879999999999999 NaN 0.04479999999999999 
262.0011655085989 NaN 0.06889999999999999 0.07009999999999997 0.06559999999999999 NaN 0.049100000000000005 
263.0011655085989 NaN 0.06939999999999999 0.072 0.06350000000000001 NaN 0.04939999999999999 
264.0011655085989 NaN 0.06779999999999999 0.07390000000000002 0.0621 NaN 0.05479999999999999 
265.0011655085989 NaN 0.0638 0.07649999999999998 0.06089999999999999 NaN 0.061300000000000014 
266.0011655085989 NaN 0.061399999999999975 0.07959999999999999 0.0637 NaN 0.06639999999999997 
267.0011655085989 NaN 0.06039999999999999 0.08049999999999993 0.06589999999999997 NaN 0.068 
268.0011655085989 NaN 0.058799999999999984 0.07719999999999999 0.06359999999999999 NaN 0.0723 
269.0011655085989 NaN 0.060200000000000004 0.07729999999999998 0.06109999999999999 NaN 0.07710000000000002 
270.0011655085989 NaN 0.05909999999999999 0.07479999999999999 0.057299999999999976 NaN 0.07780000000000001 
271.0011655085989 NaN 0.06009999999999998 0.075 0.06109999999999999 NaN 0.0751 
272.0011655085989 NaN 0.05799999999999998 0.07709999999999999 0.07269999999999999 NaN 0.07239999999999999 
273.0011655085989 NaN 0.0575 0.08579999999999999 0.08199999999999999 NaN 0.07059999999999997 
274.0011655085989 NaN 0.05759999999999998 0.0945 0.08919999999999999 NaN 0.06619999999999997 
275.0011655085989 NaN 0.059799999999999985 0.0983 0.0938 NaN 0.06190000000000002 
276.0011655085989 NaN 0.06179999999999999 0.1041 0.09159999999999999 NaN 0.05790000000000001 
277.0011655085989 NaN 0.0642 0.10889999999999998 0.09029999999999998 NaN 0.0571 
278.0011655085989 NaN 0.06859999999999998 0.11349999999999999 0.09169999999999999 NaN 0.0559 
279.0011655085989 NaN 0.0714 0.11369999999999998 0.09009999999999999 NaN 0.0526 
280.0011655085989 NaN 0.07569999999999998 0.1127 0.08929999999999999 NaN 0.052499999999999984 
281.0011655085989 NaN 0.07619999999999998 0.11439999999999997 0.0856 NaN 0.054899999999999984 
282.0011655085989 NaN 0.0813 0.11290000000000001 0.0818 NaN 0.056000000000000015 
283.0011655085989 NaN 0.08889999999999998 0.11109999999999999 0.07899999999999999 NaN 0.05890000000000001 
284.0011655085989 NaN 0.09299999999999997 0.11059999999999996 0.08449999999999996 NaN 0.060800000000000014 
285.0011655085989 NaN 0.0945 0.1138 0.0895 NaN 0.061100000000000015 
286.0011655085989 NaN 0.09769999999999998 0.11419999999999998 0.09959999999999995 NaN 0.06199999999999998 
287.0011655085989 NaN 0.0983 0.1135 0.10469999999999997 NaN 0.06229999999999997 
288.0011655085989 NaN 0.09749999999999999 0.11359999999999998 0.10519999999999999 NaN 0.06330000000000001 
289.0011655085989 NaN 0.0972 0.11649999999999999 0.10899999999999999 NaN 0.0632 
290.0011655085989 NaN 0.10029999999999999 0.1215 0.11349999999999999 NaN 0.061700000000000005 
291.0011655085989 NaN 0.1012 0.12119999999999997 0.1156 NaN 0.06139999999999998 
292.0011655085989 NaN 0.10369999999999999 0.1191 0.1108 NaN 0.06109999999999998 
293.0011655085989 NaN 0.1027 0.11329999999999998 0.1077 NaN 0.06110000000000001 
294.0011655085989 NaN 0.10239999999999999 0.10599999999999998 0.09969999999999998 NaN 0.06179999999999999 
295.0011655085989 NaN 0.10359999999999998 0.10169999999999998 0.10099999999999999 NaN 0.06309999999999999 
296.0011655085989 NaN 0.10129999999999997 0.09709999999999998 0.09749999999999998 NaN 0.06349999999999999 
297.0011655085989 NaN 0.09859999999999998 0.09589999999999999 0.0955 NaN 0.0625 
298.0011655085989 NaN 0.09419999999999998 0.09789999999999999 0.0982 NaN 0.061399999999999996 
299.0011655085989 NaN 0.09019999999999999 0.09819999999999998 0.09649999999999999 NaN 0.061 
300.0011655085989 NaN 0.08479999999999999 0.09509999999999999 0.0991 NaN 0.060899999999999996 
301.0011655085989 NaN 0.08199999999999998 0.09659999999999998 0.1001 NaN 0.05989999999999999 
302.0011655085989 NaN 0.0708 0.09759999999999998 0.10369999999999999 NaN 0.05870000000000001 
303.0011655085989 NaN 0.06439999999999999 0.0966 0.10400000000000001 NaN 0.05730000000000001 
304.0011655085989 NaN 0.06219999999999999 0.09319999999999998 0.1059 NaN 0.05389999999999997 
305.0011655085989 NaN 0.062499999999999986 0.0851 0.1045 NaN 0.05399999999999997 
306.0011655085989 NaN 0.0656 0.08259999999999999 0.10869999999999998 NaN 0.05770000000000001 
307.0011655085989 NaN 0.071 0.08189999999999999 0.1152 NaN 0.061700000000000026 
308.0011655085989 NaN 0.0779 0.0842 0.1261 NaN 0.06659999999999998 
309.0011655085989 NaN 0.08159999999999999 0.09599999999999997 0.1326 NaN 0.06969999999999997 
310.0011655085989 NaN 0.08350000000000002 0.09939999999999997 0.1299 NaN 0.07450000000000001 
311.0011655085989 NaN 0.08279999999999994 0.1001 0.12949999999999998 NaN 0.0809 
312.0011655085989 NaN 0.0849 0.1059 0.1273 NaN 0.08520000000000001 
313.0011655085989 NaN 0.08359999999999997 0.11180000000000001 0.127 NaN 0.09050000000000001 
314.0011655085989 NaN 0.0814 0.11459999999999998 0.1263 NaN 0.09929999999999999 
315.0011655085989 NaN 0.07910000000000002 0.12070000000000002 0.12059999999999998 NaN 0.1017 
316.0011655085989 NaN 0.07429999999999999 0.12419999999999998 0.11379999999999998 NaN 0.0975 
317.0011655085989 NaN 0.07169999999999999 0.12430000000000001 0.10439999999999999 NaN 0.09600000000000002 
318.0011655085989 NaN 0.0725 0.1184 0.09149999999999998 NaN 0.09239999999999997 
319.0011655085989 NaN 0.0759 0.10179999999999999 0.08660000000000001 NaN 0.0904 
320.0011655085989 NaN 0.07799999999999999 0.0952 0.08680000000000002 NaN 0.0871 
321.0011655085989 NaN 0.07799999999999999 0.0896 0.08429999999999999 NaN 0.08479999999999997 
322.0011655085989 NaN 0.0766 0.08219999999999997 0.085 NaN 0.08189999999999997 
323.0011655085989 NaN 0.07459999999999999 0.07560000000000001 0.08790000000000002 NaN 0.075 
324.0011655085989 NaN 0.07319999999999999 0.076 0.0894 NaN 0.06669999999999998 
325.0011655085989 NaN 0.07089999999999999 0.07569999999999995 0.09299999999999999 NaN 0.062400000000000004 
326.0011655085989 NaN 0.0724 0.0733 0.0923 NaN 0.05920000000000001 
327.0011655085989 NaN 0.07339999999999998 0.06899999999999999 0.09239999999999998 NaN 0.05580000000000002 
328.0011655085989 NaN 0.07019999999999998 0.06580000000000004 0.0938 NaN 0.05229999999999998 
329.0011655085989 NaN 0.06239999999999996 0.06929999999999999 0.10179999999999999 NaN 0.048600000000000004 
330.0011655085989 NaN 0.05899999999999998 0.07899999999999997 0.1112 NaN 0.0453 
331.0011655085989 NaN 0.06209999999999998 0.09399999999999999 0.12289999999999998 NaN 0.044000000000000025 
332.0011655085989 NaN 0.06539999999999999 0.10419999999999997 0.129 NaN 0.044299999999999985 
333.0011655085989 NaN 0.06810000000000001 0.10819999999999998 0.12799999999999997 NaN 0.04469999999999999 
334.0011655085989 NaN 0.06930000000000004 0.10809999999999999 0.1241 NaN 0.043800000000000006 
335.0011655085989 NaN 0.07100000000000001 0.1094 0.12040000000000001 NaN 0.04339999999999999 
336.0011655085989 NaN 0.06979999999999997 0.1109 0.1219 NaN 0.0455 
337.0011655085989 NaN 0.06540000000000001 0.11209999999999999 0.12259999999999999 NaN 0.0453 
338.0011655085989 NaN 0.06419999999999997 0.11159999999999998 0.11869999999999999 NaN 0.04469999999999998 
339.0011655085989 NaN 0.06759999999999998 0.10759999999999999 0.10619999999999997 NaN 0.04420000000000002 
340.0011655085989 NaN 0.07199999999999997 0.09989999999999999 0.09169999999999998 NaN 0.0434 
341.0011655085989 NaN 0.07329999999999999 0.0846 0.081 NaN 0.039700000000000006 
342.0011655085989 NaN 0.073 0.07419999999999999 0.07939999999999997 NaN 0.0387 
343.0011655085989 NaN 0.0735 0.07229999999999999 0.08010000000000002 NaN 0.03839999999999998 
344.0011655085989 NaN 0.07209999999999998 0.0737 0.0786 NaN 0.03770000000000001 
345.0011655085989 NaN 0.0689 0.07299999999999998 0.07950000000000002 NaN 0.03499999999999999 
346.0011655085989 NaN 0.06689999999999999 0.07209999999999998 0.07699999999999999 NaN 0.03240000000000001 
347.0011655085989 NaN 0.06549999999999997 0.07149999999999998 0.07799999999999996 NaN 0.03179999999999998 
348.0011655085989 NaN 0.06390000000000001 0.07329999999999998 0.07909999999999995 NaN 0.03410000000000001 
349.0011655085989 NaN 0.05999999999999999 0.0743 0.08190000000000001 NaN 0.03519999999999998 
350.0011655085989 NaN 0.05499999999999999 0.07559999999999999 0.08199999999999996 NaN 0.0366 
351.0011655085989 NaN 0.05370000000000002 0.07959999999999999 0.08339999999999999 NaN 0.037299999999999986 
352.0011655085989 NaN 0.05530000000000001 0.08159999999999998 0.0799 NaN 0.03699999999999998 
353.0011655085989 NaN 0.06019999999999999 0.08119999999999998 0.07699999999999997 NaN 0.037600000000000015 
354.0011655085989 NaN 0.0679 0.07889999999999998 0.07619999999999999 NaN 0.040400000000000005 
355.0011655085989 NaN 0.07439999999999998 0.07569999999999999 0.07319999999999997 NaN 0.04370000000000001 
356.0011655085989 NaN 0.08049999999999999 0.07489999999999998 0.07230000000000002 NaN 0.0469 
357.0011655085989 NaN 0.08619999999999998 0.07519999999999999 0.06999999999999999 NaN 0.05009999999999999 
358.0011655085989 NaN 0.08779999999999999 0.074 0.07189999999999999 NaN 0.0528 
359.0011655085989 NaN 0.0895 0.07359999999999998 0.07309999999999998 NaN 0.05449999999999999 
360.0011655085989 NaN 0.089 0.07579999999999999 0.07719999999999999 NaN 0.0539 
361.0011655085989 NaN 0.08639999999999999 0.0757 0.0762 NaN 0.0528 
362.0011655085989 NaN 0.0872 0.0768 0.0716 NaN 0.053799999999999994 
363.0011655085989 NaN 0.09009999999999996 0.07709999999999999 0.0709 NaN 0.05890000000000001 
364.0011655085989 NaN 0.09580000000000002 0.0824 0.07589999999999998 NaN 0.06629999999999998 
365.0011655085989 NaN 0.10099999999999999 0.0883 0.07959999999999999 NaN 0.0711 
366.0011655085989 NaN 0.1011 0.09619999999999998 0.08179999999999998 NaN 0.07019999999999997 
367.0011655085989 NaN 0.09919999999999997 0.10319999999999999 0.08169999999999998 NaN 0.06729999999999996 
368.0011655085989 NaN 0.1015 0.10610000000000001 0.0817 NaN 0.06530000000000001 
369.0011655085989 NaN 0.0989999999999999 0.1102 0.07609999999999999 NaN 0.0667 
370.0011655085989 NaN 0.09409999999999996 0.10729999999999996 0.07189999999999999 NaN 0.06979999999999996 
371.0011655085989 NaN 0.08909999999999996 0.10939999999999998 0.07189999999999999 NaN 0.07100000000000001 
372.0011655085989 NaN 0.08350000000000002 0.11169999999999998 0.07909999999999999 NaN 0.07030000000000002 
373.0011655085989 NaN 0.07499999999999998 0.11629999999999999 0.08259999999999999 NaN 0.06609999999999999 
374.0011655085989 NaN 0.06450000000000002 0.1142 0.0818 NaN 0.058600000000000006 
375.0011655085989 NaN 0.057899999999999945 0.1133 0.07940000000000003 NaN 0.05330000000000001 
376.0011655085989 NaN 0.05869999999999997 0.10959999999999999 0.08199999999999998 NaN 0.05520000000000001 
377.0011655085989 NaN 0.0614 0.10920000000000003 0.09029999999999998 NaN 0.05979999999999998 
378.0011655085989 NaN 0.058800000000000026 0.10989999999999997 0.09649999999999999 NaN 0.061300000000000014 
379.0011655085989 NaN 0.06220000000000002 0.11259999999999998 0.10619999999999999 NaN 0.06619999999999998 
380.0011655085989 NaN 0.06699999999999999 0.1154 0.11069999999999997 NaN 0.0712 
381.0011655085989 NaN 0.07379999999999999 0.1124 0.11279999999999998 NaN 0.07489999999999998 
382.0011655085989 NaN 0.0777 0.10929999999999998 0.11499999999999998 NaN 0.07839999999999998 
383.0011655085989 NaN 0.08089999999999999 0.10719999999999999 0.12019999999999999 NaN 0.08149999999999998 
384.0011655085989 NaN 0.0827 0.1079 0.1253 NaN 0.08639999999999999 
385.0011655085989 NaN 0.0854 0.10769999999999999 0.1323 NaN 0.09049999999999998 
386.0011655085989 NaN 0.08489999999999999 0.10659999999999997 0.1329 NaN 0.09440000000000001 
387.0011655085989 NaN 0.08669999999999999 0.10539999999999998 0.1275 NaN 0.09619999999999998 
388.0011655085989 NaN 0.09159999999999997 0.10529999999999998 0.1208 NaN 0.09699999999999999 
389.0011655085989 NaN 0.09639999999999999 0.10189999999999999 0.1167 NaN 0.09489999999999998 
390.0011655085989 NaN 0.09799999999999999 0.10369999999999999 0.1165 NaN 0.0927 
391.0011655085989 NaN 0.09749999999999998 0.10429999999999998 0.1156 NaN 0.0933 
392.0011655085989 NaN 0.09859999999999998 0.10559999999999997 0.11359999999999999 NaN 0.09249999999999999 
393.0011655085989 NaN 0.09589999999999999 0.105 0.11239999999999999 NaN 0.0905 
394.0011655085989 NaN 0.09329999999999998 0.1093 0.10669999999999998 NaN 0.0871 
395.0011655085989 NaN 0.09209999999999999 0.11189999999999999 0.09999999999999996 NaN 0.08539999999999998 
396.0011655085989 NaN 0.0905 0.1123 0.0921 NaN 0.0864 
397.0011655085989 NaN 0.08679999999999999 0.10979999999999998 0.08949999999999998 NaN 0.09019999999999999 
398.0011655085989 NaN 0.08179999999999998 0.1089 0.09119999999999998 NaN 0.09419999999999999 
399.0011655085989 NaN 0.07669999999999999 0.10719999999999999 0.09029999999999998 NaN 0.09620000000000001 
400.0011655085989 NaN 0.0758 0.1032 0.08860000000000001 NaN 0.09569999999999998 
401.0011655085989 NaN 0.07229999999999999 0.09960000000000001 0.08699999999999992 NaN 0.09479999999999998 
402.0011655085989 NaN 0.06889999999999999 0.09599999999999997 0.08029999999999998 NaN 0.09509999999999998 
403.0011655085989 NaN 0.07039999999999999 0.0949 0.0745 NaN 0.09339999999999998 
404.0011655085989 NaN 0.07909999999999999 0.0887 0.0798 NaN 0.092 
405.0011655085989 NaN 0.08299999999999998 0.08829999999999998 0.091 NaN 0.0897 
406.0011655085989 NaN 0.0832 0.08709999999999998 0.1036 NaN 0.0838 
407.0011655085989 NaN 0.08569999999999998 0.08849999999999998 0.11209999999999998 NaN 0.0787 
408.0011655085989 NaN 0.0909 0.08939999999999998 0.11319999999999998 NaN 0.0761 
409.0011655085989 NaN 0.09659999999999998 0.0982 0.11639999999999999 NaN 0.0759 
410.0011655085989 NaN 0.09839999999999997 0.107 0.11709999999999998 NaN 0.07709999999999997 
411.0011655085989 NaN 0.10079999999999999 0.11299999999999998 0.11789999999999999 NaN 0.0769 
412.0011655085989 NaN 0.10189999999999999 0.12169999999999999 0.1191 NaN 0.07869999999999999 
413.0011655085989 NaN 0.10139999999999998 0.12639999999999998 0.1162 NaN 0.0817 
414.0011655085989 NaN 0.09599999999999996 0.1308 0.1064 NaN 0.0833 
415.0011655085989 NaN 0.09610000000000002 0.1275 0.09759999999999998 NaN 0.0843 
416.0011655085989 NaN 0.10090000000000002 0.1258 0.0954 NaN 0.08460000000000001 
417.0011655085989 NaN 0.09999999999999999 0.12899999999999998 0.09409999999999999 NaN 0.08379999999999999 
418.0011655085989 NaN 0.09899999999999999 0.1351 0.09719999999999998 NaN 0.0826 
419.0011655085989 NaN 0.09339999999999997 0.1315 0.09509999999999999 NaN 0.07780000000000002 
420.0011655085989 NaN 0.0915 0.1233 0.09229999999999995 NaN 0.07419999999999999 
421.0011655085989 NaN 0.0923 0.1187 0.0919 NaN 0.07459999999999999 
422.0011655085989 NaN 0.09349999999999999 0.11179999999999998 0.0913 NaN 0.07099999999999998 
423.0011655085989 NaN 0.0944 0.10889999999999998 0.0907 NaN 0.06889999999999998 
424.0011655085989 NaN 0.09209999999999999 0.1101 0.09469999999999998 NaN 0.06839999999999999 
425.0011655085989 NaN 0.0863 0.11150000000000002 0.09239999999999995 NaN 0.0669 
426.0011655085989 NaN 0.08369999999999998 0.11159999999999998 0.08839999999999998 NaN 0.06860000000000002 
427.0011655085989 NaN 0.08079999999999997 0.10620000000000002 0.08489999999999999 NaN 0.06999999999999995 
428.0011655085989 NaN 0.07399999999999998 0.09649999999999995 0.07569999999999998 NaN 0.07090000000000002 
429.0011655085989 NaN 0.07169999999999999 0.08799999999999997 0.07429999999999999 NaN 0.07369999999999999 
430.0011655085989 NaN 0.0701 0.0858 0.08169999999999998 NaN 0.07620000000000002 
431.0011655085989 NaN 0.0665 0.08949999999999998 0.0851 NaN 0.07289999999999998 
432.0011655085989 NaN 0.06179999999999998 0.08739999999999998 0.0876 NaN 0.07200000000000001 
433.0011655085989 NaN 0.0579 0.08379999999999997 0.09040000000000001 NaN 0.072 
434.0011655085989 NaN 0.056799999999999976 0.07759999999999997 0.09060000000000001 NaN 0.06999999999999999 
435.0011655085989 NaN 0.05529999999999997 0.07209999999999998 0.09299999999999997 NaN 0.0713 
436.0011655085989 NaN 0.05290000000000005 0.07039999999999999 0.09789999999999997 NaN 0.06949999999999999 
437.0011655085989 NaN 0.05369999999999999 0.07449999999999998 0.09539999999999998 NaN 0.06470000000000001 
438.0011655085989 NaN 0.054400000000000004 0.077 0.09789999999999999 NaN 0.06130000000000002 
439.0011655085989 NaN 0.05639999999999997 0.08039999999999999 0.09699999999999999 NaN 0.0599 
440.0011655085989 NaN 0.057299999999999976 0.08109999999999999 0.092 NaN 0.05669999999999998 
441.0011655085989 NaN 0.060799999999999986 0.07929999999999998 0.0901 NaN 0.056000000000000015 
442.0011655085989 NaN 0.0711 0.0818 0.08989999999999998 NaN 0.05479999999999999 
443.0011655085989 NaN 0.08419999999999998 0.082 0.0896 NaN 0.0549 
444.0011655085989 NaN 0.09419999999999999 0.0814 0.08709999999999998 NaN 0.05599999999999999 
445.0011655085989 NaN 0.10260000000000001 0.0864 0.08299999999999998 NaN 0.057 
446.0011655085989 NaN 0.10589999999999998 0.08810000000000001 0.07399999999999998 NaN 0.05829999999999998 
447.0011655085989 NaN 0.11109999999999998 0.08329999999999997 0.0764 NaN 0.06330000000000001 
448.0011655085989 NaN 0.1126 0.0807 0.08189999999999999 NaN 0.06659999999999998 
449.0011655085989 NaN 0.11460000000000002 0.0839 0.08629999999999999 NaN 0.06899999999999999 
450.0011655085989 NaN 0.12059999999999998 0.09369999999999999 0.08859999999999998 NaN 0.07479999999999998 
451.0011655085989 NaN 0.12329999999999999 0.09409999999999999 0.08759999999999998 NaN 0.07850000000000004 
452.0011655085989 NaN 0.1224 0.0943 0.08659999999999998 NaN 0.0812 
453.0011655085989 NaN 0.1163 0.09609999999999998 0.0857 NaN 0.07959999999999998 
454.0011655085989 NaN 0.11909999999999994 0.09659999999999999 0.08659999999999998 NaN 0.07799999999999994 
455.0011655085989 NaN 0.11959999999999998 0.09609999999999999 0.08859999999999997 NaN 0.07660000000000004 
456.0011655085989 NaN 0.11819999999999999 0.09989999999999999 0.08850000000000002 NaN 0.07510000000000003 
457.0011655085989 NaN 0.1141 0.1046 0.083 NaN 0.0699 
458.0011655085989 NaN 0.11519999999999998 0.10999999999999999 0.07640000000000001 NaN 0.06839999999999999 
459.0011655085989 NaN 0.11109999999999999 0.1074 0.07219999999999997 NaN 0.0638 
460.0011655085989 NaN 0.1026 0.09589999999999997 0.06700000000000002 NaN 0.0588 
461.0011655085989 NaN 0.0957 0.09029999999999999 0.06430000000000004 NaN 0.058599999999999985 
462.0011655085989 NaN 0.08919999999999999 0.08559999999999998 0.06669999999999997 NaN 0.05940000000000001 
463.0011655085989 NaN 0.08289999999999999 0.08479999999999999 0.06939999999999996 NaN 0.05940000000000001 
464.0011655085989 NaN 0.07029999999999999 0.08559999999999998 0.07390000000000001 NaN 0.05909999999999999 
465.0011655085989 NaN 0.06249999999999999 0.08399999999999999 0.07760000000000004 NaN 0.05780000000000001 
466.0011655085989 NaN 0.05819999999999999 0.081 0.08410000000000001 NaN 0.0557 
467.0011655085989 NaN 0.05649999999999998 0.0789 0.09529999999999997 NaN 0.0558 
468.0011655085989 NaN 0.05560000000000001 0.07649999999999998 0.10439999999999998 NaN 0.05469999999999999 
469.0011655085989 NaN 0.05599999999999998 0.07799999999999999 0.1098 NaN 0.05540000000000001 
470.0011655085989 NaN 0.0599 0.0837 0.11579999999999999 NaN 0.055999999999999994 
471.0011655085989 NaN 0.06559999999999996 0.08969999999999997 0.12360000000000002 NaN 0.054699999999999985 
472.0011655085989 NaN 0.0662 0.09389999999999998 0.12419999999999996 NaN 0.05639999999999998 
473.0011655085989 NaN 0.0687 0.09489999999999998 0.12199999999999997 NaN 0.060299999999999986 
474.0011655085989 NaN 0.07019999999999998 0.09379999999999998 0.11729999999999996 NaN 0.0625 
475.0011655085989 NaN 0.0709 0.09459999999999999 0.11579999999999997 NaN 0.0624 
476.0011655085989 NaN 0.07489999999999998 0.09639999999999999 0.11410000000000001 NaN 0.06420000000000002 
477.0011655085989 NaN 0.0784 0.09539999999999998 0.11149999999999997 NaN 0.0643 
478.0011655085989 NaN 0.07750000000000004 0.09299999999999999 0.10619999999999999 NaN 0.06089999999999999 
479.0011655085989 NaN 0.0815 0.08759999999999996 0.10179999999999997 NaN 0.059800000000000006 
480.0011655085989 NaN 0.08379999999999999 0.0827 0.09829999999999998 NaN 0.059 
481.0011655085989 NaN 0.08429999999999999 0.07899999999999996 0.0919 NaN 0.05859999999999998 
482.0011655085989 NaN 0.08779999999999998 0.07699999999999999 0.08819999999999997 NaN 0.05529999999999999 
483.0011655085989 NaN 0.09099999999999998 0.07429999999999998 0.0936 NaN 0.051899999999999995 
484.0011655085989 NaN 0.09659999999999999 0.07849999999999999 0.10059999999999998 NaN 0.05029999999999998 
485.0011655085989 NaN 0.10639999999999998 0.08059999999999999 0.10579999999999999 NaN 0.05029999999999999 
486.0011655085989 NaN 0.10549999999999998 0.07979999999999997 0.10529999999999999 NaN 0.04850000000000001 
487.0011655085989 NaN 0.1041 0.07769999999999998 0.1031 NaN 0.04989999999999998 
488.0011655085989 NaN 0.10529999999999999 0.0818 0.10349999999999998 NaN 0.05310000000000001 
489.0011655085989 NaN 0.10419999999999999 0.0884 0.10459999999999998 NaN 0.053899999999999976 
490.0011655085989 NaN 0.1035 0.0962 0.10449999999999997 NaN 0.053099999999999994 
491.0011655085989 NaN 0.10519999999999999 0.09539999999999998 0.10479999999999999 NaN 0.05469999999999999 
492.0011655085989 NaN 0.10459999999999998 0.0964 0.10469999999999999 NaN 0.054299999999999994 
493.0011655085989 NaN 0.10389999999999999 0.09749999999999998 0.0972 NaN 0.055200000000000006 
494.0011655085989 NaN 0.1001 0.09479999999999997 0.0877 NaN 0.055799999999999995 
495.0011655085989 NaN 0.0908 0.09429999999999997 0.07679999999999998 NaN 0.05979999999999998 
496.0011655085989 NaN 0.09089999999999998 0.09419999999999998 0.07329999999999998 NaN 0.0624 
497.0011655085989 NaN 0.08500000000000002 0.0942 0.0737 NaN 0.06409999999999998 
498.0011655085989 NaN 0.0839 0.09199999999999998 0.0741 NaN 0.066 
499.0011655085989 NaN 0.08440000000000002 0.09339999999999998 0.07659999999999999 NaN 0.06979999999999999 
500.0011655085989 NaN 0.08390000000000002 0.08969999999999997 0.07559999999999999 NaN 0.072 
501.0011655085989 NaN 0.07809999999999999 0.0917 0.0755 NaN 0.07089999999999999 
502.0011655085989 NaN 0.07790000000000001 0.08989999999999997 0.07559999999999997 NaN 0.06970000000000001 
503.0011655085989 NaN 0.077 0.09009999999999997 0.07789999999999997 NaN 0.06959999999999998 
504.0011655085989 NaN 0.07430000000000002 0.08789999999999996 0.08389999999999996 NaN 0.0684 
505.0011655085989 NaN 0.07160000000000001 0.08809999999999996 0.08929999999999999 NaN 0.0652 
506.0011655085989 NaN 0.06849999999999999 0.08969999999999997 0.0896 NaN 0.06339999999999998 
507.0011655085989 NaN 0.07519999999999999 0.09269999999999998 0.08509999999999998 NaN 0.06119999999999999 
508.0011655085989 NaN 0.07669999999999999 0.09109999999999996 0.07969999999999998 NaN 0.0572 
509.0011655085989 NaN 0.07759999999999997 0.0847 0.07609999999999997 NaN 0.055699999999999986 
510.0011655085989 NaN 0.07909999999999999 0.08379999999999997 0.0796 NaN 0.056499999999999995 
511.0011655085989 NaN 0.08290000000000002 0.08289999999999999 0.08149999999999999 NaN 0.05729999999999999 
512.0011655085989 NaN 0.0847 0.08240000000000001 0.08520000000000001 NaN 0.0589 
513.0011655085989 NaN 0.0871 0.08199999999999998 0.0904 NaN 0.05779999999999998 
514.0011655085989 NaN 0.09119999999999998 0.08739999999999998 0.09319999999999999 NaN 0.05940000000000001 
515.0011655085989 NaN 0.09169999999999999 0.09069999999999999 0.09759999999999999 NaN 0.0597 
516.0011655085989 NaN 0.09289999999999998 0.09449999999999999 0.0959 NaN 0.059400000000000015 
517.0011655085989 NaN 0.08779999999999998 0.09579999999999998 0.0933 NaN 0.059000000000000004 
518.0011655085989 NaN 0.08689999999999999 0.0978 0.09299999999999999 NaN 0.0626 
519.0011655085989 NaN 0.08200000000000002 0.1001 0.094 NaN 0.06309999999999999 
520.0011655085989 NaN 0.0775 0.10119999999999997 0.09349999999999999 NaN 0.06269999999999998 
521.0011655085989 NaN 0.07309999999999998 0.10369999999999999 0.09299999999999999 NaN 0.061799999999999994 
522.0011655085989 NaN 0.06869999999999998 0.1072 0.08819999999999999 NaN 0.06139999999999998 
523.0011655085989 NaN 0.0693 0.10919999999999998 0.08209999999999999 NaN 0.06029999999999999 
524.0011655085989 NaN 0.06869999999999998 0.10629999999999998 0.07419999999999997 NaN 0.0583 
525.0011655085989 NaN 0.06840000000000002 0.10039999999999999 0.06769999999999998 NaN 0.0589 
526.0011655085989 NaN 0.06709999999999999 0.09109999999999997 0.06929999999999997 NaN 0.061199999999999984 
527.0011655085989 NaN 0.0685 0.0856 0.07399999999999998 NaN 0.06269999999999998 
528.0011655085989 NaN 0.06819999999999997 0.08180000000000003 0.0758 NaN 0.06129999999999998 
529.0011655085989 NaN 0.069 0.07859999999999992 0.0737 NaN 0.05989999999999997 
530.0011655085989 NaN 0.06789999999999997 0.07210000000000001 0.0705 NaN 0.059 
531.0011655085989 NaN 0.0681 0.06989999999999998 0.07149999999999997 NaN 0.05839999999999998 
532.0011655085989 NaN 0.06849999999999999 0.0711 0.0752 NaN 0.058399999999999966 
533.0011655085989 NaN 0.0673 0.0726 0.07879999999999998 NaN 0.060499999999999984 
534.0011655085989 NaN 0.06619999999999998 0.07379999999999999 0.08289999999999999 NaN 0.06169999999999998 
535.0011655085989 NaN 0.07269999999999999 0.07489999999999998 0.08449999999999999 NaN 0.061300000000000014 
536.0011655085989 NaN 0.08130000000000001 0.07519999999999999 0.0837 NaN 0.06130000000000001 
537.0011655085989 NaN 0.08839999999999999 0.0754 0.08429999999999997 NaN 0.0635 
538.0011655085989 NaN 0.09289999999999998 0.0817 0.08689999999999998 NaN 0.0652 
539.0011655085989 NaN 0.09939999999999999 0.0867 0.08819999999999999 NaN 0.06489999999999999 
540.0011655085989 NaN 0.10759999999999999 0.09320000000000002 0.09319999999999999 NaN 0.06340000000000001 
541.0011655085989 NaN 0.11309999999999999 0.09889999999999999 0.09169999999999998 NaN 0.06490000000000001 
542.0011655085989 NaN 0.1142 0.10109999999999998 0.08959999999999997 NaN 0.06769999999999998 
543.0011655085989 NaN 0.10869999999999999 0.0997 0.0846 NaN 0.0698 
544.0011655085989 NaN 0.10519999999999999 0.09439999999999998 0.07979999999999998 NaN 0.07239999999999998 
545.0011655085989 NaN 0.09959999999999998 0.09049999999999998 0.0755 NaN 0.07309999999999998 
546.0011655085989 NaN 0.0918 0.0891 0.0725 NaN 0.073 
547.0011655085989 NaN 0.08749999999999998 0.0869 0.06859999999999998 NaN 0.07159999999999998 
548.0011655085989 NaN 0.08239999999999999 0.08259999999999998 0.06459999999999998 NaN 0.06930000000000001 
549.0011655085989 NaN 0.07590000000000001 0.07840000000000003 0.06279999999999998 NaN 0.0678 
550.0011655085989 NaN 0.0676 0.0732 0.05639999999999997 NaN 0.0675 
551.0011655085989 NaN 0.06040000000000002 0.06499999999999999 0.054000000000000006 NaN 0.06639999999999999 
552.0011655085989 NaN 0.057300000000000025 0.05820000000000001 0.05349999999999999 NaN 0.06550000000000002 
553.0011655085989 NaN 0.05739999999999996 0.055099999999999975 0.058299999999999984 NaN 0.06170000000000001 
554.0011655085989 NaN 0.05729999999999999 0.059899999999999995 0.0633 NaN 0.05760000000000001 
555.0011655085989 NaN 0.05700000000000001 0.0632 0.06939999999999999 NaN 0.05659999999999998 
556.0011655085989 NaN 0.05779999999999998 0.06599999999999998 0.0779 NaN 0.056200000000000014 
557.0011655085989 NaN 0.05889999999999998 0.07189999999999998 0.0844 NaN 0.05750000000000001 
558.0011655085989 NaN 0.0626 0.07989999999999997 0.0876 NaN 0.058799999999999984 
559.0011655085989 NaN 0.06399999999999999 0.08889999999999998 0.086 NaN 0.058399999999999966 
560.0011655085989 NaN 0.06389999999999998 0.0911 0.08859999999999998 NaN 0.05869999999999998 
561.0011655085989 NaN 0.06419999999999998 0.09609999999999999 0.09089999999999998 NaN 0.056799999999999976 
562.0011655085989 NaN 0.0623 0.10229999999999999 0.0944 NaN 0.053399999999999996 
563.0011655085989 NaN 0.06179999999999999 0.1068 0.09299999999999999 NaN 0.05289999999999999 
564.0011655085989 NaN 0.06229999999999999 0.1064 0.09179999999999998 NaN 0.054200000000000005 
565.0011655085989 NaN 0.0622 0.11009999999999999 0.08949999999999998 NaN 0.05379999999999997 
566.0011655085989 NaN 0.059499999999999977 0.11549999999999999 0.08689999999999999 NaN 0.053500000000000006 
567.0011655085989 NaN 0.05329999999999999 0.12069999999999997 0.08419999999999998 NaN 0.048799999999999996 
568.0011655085989 NaN 0.04589999999999998 0.11589999999999999 0.0831 NaN 0.04679999999999998 
569.0011655085989 NaN 0.043699999999999996 0.10849999999999999 0.08309999999999998 NaN 0.046599999999999996 
570.0011655085989 NaN 0.04489999999999999 0.1081 0.07979999999999998 NaN 0.04540000000000001 
571.0011655085989 NaN 0.04699999999999997 0.1049 0.0809 NaN 0.04499999999999998 
572.0011655085989 NaN 0.052500000000000005 0.0987 0.0789 NaN 0.04659999999999998 
573.0011655085989 NaN 0.0593 0.09369999999999999 0.07859999999999999 NaN 0.04740000000000001 
574.0011655085989 NaN 0.06289999999999998 0.0919 0.0798 NaN 0.04639999999999999 
575.0011655085989 NaN 0.06580000000000001 0.09029999999999999 0.08009999999999999 NaN 0.044800000000000006 
576.0011655085989 NaN 0.06859999999999998 0.086 0.07929999999999998 NaN 0.043500000000000004 
577.0011655085989 NaN 0.0715 0.07939999999999998 0.07849999999999997 NaN 0.045200000000000004 
578.0011655085989 NaN 0.07349999999999997 0.07569999999999998 0.07959999999999999 NaN 0.048399999999999985 
579.0011655085989 NaN 0.07429999999999999 0.07529999999999998 0.08410000000000001 NaN 0.05049999999999999 
580.0011655085989 NaN 0.0735 0.07569999999999998 0.09159999999999999 NaN 0.0508 
581.0011655085989 NaN 0.0739 0.07939999999999998 0.09590000000000001 NaN 0.05219999999999998 
582.0011655085989 NaN 0.07699999999999999 0.08139999999999999 0.09519999999999994 NaN 0.05149999999999998 
583.0011655085989 NaN 0.07869999999999999 0.0831 0.09409999999999995 NaN 0.053 
584.0011655085989 NaN 0.08429999999999997 0.08369999999999998 0.09229999999999997 NaN 0.053899999999999976 
585.0011655085989 NaN 0.09359999999999999 0.08089999999999997 0.09029999999999998 NaN 0.05739999999999998 
586.0011655085989 NaN 0.09749999999999998 0.08269999999999998 0.09309999999999999 NaN 0.05650000000000001 
587.0011655085989 NaN 0.10269999999999999 0.0838 0.09539999999999998 NaN 0.05579999999999998 
588.0011655085989 NaN 0.10759999999999999 0.086 0.09809999999999998 NaN 0.052799999999999986 
589.0011655085989 NaN 0.10759999999999999 0.08699999999999998 0.10319999999999999 NaN 0.05209999999999998 
590.0011655085989 NaN 0.10979999999999998 0.08889999999999999 0.103 NaN 0.0531 
591.0011655085989 NaN 0.1164 0.08649999999999998 0.10159999999999998 NaN 0.05160000000000004 
592.0011655085989 NaN 0.1175 0.08649999999999998 0.10469999999999999 NaN 0.05370000000000004 
593.0011655085989 NaN 0.11649999999999999 0.08489999999999999 0.10469999999999999 NaN 0.054099999999999974 
594.0011655085989 NaN 0.11599999999999999 0.0853 0.1057 NaN 0.05680000000000001 
595.0011655085989 NaN 0.11139999999999999 0.0873 0.10799999999999998 NaN 0.05750000000000002 
596.0011655085989 NaN 0.11069999999999999 0.08469999999999997 0.10489999999999998 NaN 0.0594 
597.0011655085989 NaN 0.10759999999999999 0.08369999999999998 0.10499999999999998 NaN 0.061599999999999995 
598.0011655085989 NaN 0.10609999999999999 0.08569999999999998 0.1038 NaN 0.06439999999999999 
599.0011655085989 NaN 0.11089999999999998 0.08679999999999999 0.10079999999999999 NaN 0.0652 
600.0011655085989 NaN 0.1146 0.08359999999999998 0.09659999999999999 NaN 0.0649 
#####################################################################
# End of data export. Simulation finished at: 2022-05-19T21:28+0000 #
#####################################################################
